10.0,10000,10,0.06728061772907672,0.08,0.058768403803146005,1.0
10.0,10793,10,0.06022754277640139,0.13,0.05619863884262705,1.0
10.0,11586,10,0.046806396422171305,0.124,0.04160886853300554,1.0
10.0,12379,10,0.03669743835326527,0.141,0.04212705332182085,1.0
10.0,13172,10,0.03105397846475237,0.126,0.03780218182132472,1.0
10.0,13965,10,0.044700875118188224,0.097,0.06890696244252825,1.0
10.0,14758,10,0.03010270642703104,0.101,0.038740115782247064,1.0
10.0,15551,10,0.05430864458213689,0.084,0.08041684676643446,1.0
10.0,16344,10,0.048820908605540635,0.08,0.048613068811465265,1.0
10.0,17137,10,0.052306949379196326,0.076,0.06520650302927661,1.0
10.0,17930,10,0.0631145947156123,0.066,0.062477848960461234,1.0
10.0,18723,10,0.030868565366679805,0.072,0.035241107671883536,1.0
10.0,19516,10,0.028460441700079886,0.058,0.04095787476925796,1.0
10.0,20309,10,0.036512251813310526,0.058,0.045325178314678534,1.0
10.0,21102,10,0.03500248048287986,0.063,0.0382735407013442,1.0
10.0,21895,10,0.03412997057069867,0.053,0.03841851056789924,1.0
10.0,22688,10,0.02918345675022915,0.045,0.04097550909211756,1.0
10.0,23481,10,0.03775550406705279,0.051,0.04518876123549922,1.0
10.0,24274,10,0.039638518305017585,0.057,0.04166996671275778,1.0
10.0,25067,10,0.03434965943134938,0.052,0.04113355747575087,1.0
10.0,25860,10,0.02789206686908207,0.037,0.0391148665573087,1.0
10.0,26653,10,0.0292144452752212,0.041,0.037945589273349525,1.0
10.0,27446,10,0.025431457000678392,0.034,0.03733999671027313,1.0
10.0,28239,10,0.03504968676078157,0.056,0.05733474467990808,1.0
10.0,29032,10,0.046245152607371644,0.049,0.056330916845317595,1.0
10.0,30618,10,0.029358105786546476,0.056,0.038659406678708846,1.0
10.0,29825,10,0.02421339590772212,0.032,0.036168591188235094,1.0
10.0,31411,10,0.036215733671203246,0.039,0.04490197393028946,1.0
10.0,32204,10,0.029827035693800644,0.032,0.038654028079522625,1.0
10.0,32997,10,0.02215189490444972,0.028,0.037266741472037165,1.0
10.0,36962,10,0.027370588307557668,0.018,0.03839383303336336,1.0
10.0,35376,10,0.035745335783170885,0.024,0.04280669591227211,1.0
10.0,33790,10,0.027384017740000627,0.03,0.03602068559566864,1.0
10.0,36169,10,0.03777022597424048,0.028,0.04118086086376577,1.0
10.0,37755,10,0.027269287675264882,0.025,0.03960461573823156,1.0
10.0,34583,10,0.0245625709675538,0.025,0.03949991283560789,1.0
10.0,38548,10,0.031417444173507954,0.02,0.03993576918553207,1.0
10.0,39341,10,0.03198203692727864,0.04,0.040749613694943516,1.0
10.0,40134,10,0.03988502700267666,0.027,0.045793119398920716,1.0
10.0,40927,10,0.025007072248540575,0.021,0.03502129989091212,1.0
10.0,41720,10,0.03754726071872597,0.034,0.043322591799440646,1.0
10.0,42513,10,0.03849091890518375,0.043,0.04538312609090125,1.0
10.0,43306,10,0.0289116238447107,0.024,0.03920738881748359,1.0
10.0,44099,10,0.029856051091926367,0.024,0.03712193322472226,1.0
10.0,44892,10,0.030649925402128617,0.015,0.04144133749339243,1.0
10.0,45685,10,0.03600418060918821,0.028,0.04687623053729125,1.0
10.0,10000,10,0.07967129265057743,0.324,0.08698404273088996,0.5
10.0,10793,10,0.07822658019783504,0.32,0.07443844518981683,0.5
10.0,46478,10,0.03171483609620523,0.035,0.03742732081906219,1.0
10.0,47271,10,0.02602843608253898,0.038,0.034398498518578395,1.0
10.0,48064,10,0.02480169843664958,0.013,0.03812104789552155,1.0
10.0,11586,10,0.07285691025347456,0.32,0.21293386344833837,0.5
10.0,12379,10,0.06268823448518425,0.308,0.0658669296964884,0.5
10.0,13172,10,0.059483966397168506,0.29,0.05708171926333677,0.5
10.0,52029,10,0.025238821381205277,0.026,0.04246865008303953,1.0
10.0,52822,10,0.03005893734019833,0.024,0.039666722950037044,1.0
10.0,13965,10,0.03343825484829719,0.269,0.043867965003297656,0.5
10.0,14758,10,0.04521363491149875,0.287,0.04766269582102659,0.5
10.0,54408,10,0.02866100557127091,0.019,0.0435053483171493,1.0
10.0,48857,10,0.03823654656670832,0.023,0.042250993814644575,1.0
10.0,15551,10,0.057032243565619235,0.26,0.06487231417431465,0.5
10.0,49650,10,0.036036380794645814,0.021,0.03992575813510589,1.0
10.0,55201,10,0.03971345754483154,0.03,0.04036887924852049,1.0
10.0,50443,10,0.03452685877404656,0.034,0.037981514784103936,1.0
10.0,16344,10,0.03922540528713543,0.235,0.04903729831926305,0.5
10.0,51236,10,0.04301197599826471,0.042,0.044111267887476484,1.0
10.0,17137,10,0.04897840550760963,0.235,0.04476597360646853,0.5
10.0,56787,10,0.023499429234361158,0.01,0.038187048233355295,1.0
10.0,17930,10,0.04843989068964836,0.235,0.04797835226861592,0.5
10.0,53615,10,0.0408335259379693,0.032,0.04525319319057581,1.0
10.0,55994,10,0.04334205722405628,0.042,0.040061920788768066,1.0
10.0,18723,10,0.029664903658761906,0.268,0.04298298861833457,0.5
10.0,19516,10,0.0491971864270929,0.226,0.05096173045091721,0.5
10.0,20309,10,0.056097951270322896,0.21,0.0574386209043668,0.5
10.0,21102,10,0.043906506506145804,0.223,0.046106774605460615,0.5
10.0,57580,10,0.02163424806526369,0.013,0.03789386618473458,1.0
10.0,58373,10,0.05479203471761941,0.026,0.08037537764884636,1.0
10.0,22688,10,0.04553571405187042,0.2,0.04214629226093004,0.5
10.0,21895,10,0.03518144604789273,0.233,0.04870614069895224,0.5
10.0,24274,10,0.03679467605556044,0.258,0.041650476419371744,0.5
10.0,25067,10,0.036791622969688347,0.243,0.045117970581776266,0.5
10.0,25860,10,0.03480402932953789,0.268,0.03843020011546951,0.5
10.0,23481,10,0.05353649993291714,0.228,0.0465512002589042,0.5
10.0,59166,10,0.04764185665396041,0.031,0.04415382137219372,1.0
10.0,27446,10,0.0378164401084898,0.208,0.03849151005313365,0.5
10.0,59959,10,0.0469449379678654,0.027,0.1647319897558181,1.0
10.0,26653,10,0.029805113916200835,0.239,0.03443360516417259,0.5
10.0,28239,10,0.03274146390074228,0.194,0.03951913650821134,0.5
10.0,31411,10,0.01918841916153428,0.146,0.03562977770548993,0.5
10.0,29032,10,0.03434683448453671,0.219,0.03901570566191015,0.5
10.0,30618,10,0.03247027296336862,0.183,0.03938437215105724,0.5
10.0,29825,10,0.023146326936134935,0.19,0.031084673610564665,0.5
10.0,33790,10,0.029134219956795916,0.159,0.035278144332876335,0.5
10.0,32204,10,0.03482182506730959,0.169,0.040012247977400946,0.5
10.0,34583,10,0.04385745407176579,0.156,0.056585645794201354,0.5
10.0,32997,10,0.023784255651531597,0.164,0.03404919518882657,0.5
10.0,35376,10,0.05159553272130509,0.17,0.04609665778151054,0.5
10.0,36169,10,0.039675293984275765,0.192,0.04185161158881871,0.5
10.0,37755,10,0.030291756731971955,0.144,0.034141422724230215,0.5
10.0,38548,10,0.027414156918802116,0.114,0.032947093666952636,0.5
10.0,39341,10,0.028965301533963657,0.097,0.03544768886897873,0.5
10.0,36962,10,0.02959177252619298,0.171,0.0335651359104421,0.5
10.0,40927,10,0.0361394966786162,0.131,0.034306864521482905,0.5
10.0,42513,10,0.031240961813530158,0.104,0.034116046056531825,0.5
10.0,40134,10,0.03393546279642925,0.117,0.03392168713388806,0.5
10.0,41720,10,0.03649438046541474,0.142,0.03698800389537618,0.5
10.0,44099,10,0.0358366915461498,0.142,0.036594002090698165,0.5
10.0,43306,10,0.02998232249287003,0.118,0.03483757616716768,0.5
10.0,44892,10,0.04021923839461017,0.134,0.042367458047062795,0.5
10.0,48064,10,0.03477388677978128,0.147,0.04198146089662104,0.5
10.0,49650,10,0.03821556480697422,0.113,0.04744506529360919,0.5
10.0,48857,10,0.030849188553256694,0.131,0.03964397371861198,0.5
10.0,46478,10,0.02644533413455572,0.105,0.042214061658116704,0.5
10.0,47271,10,0.034285198207337234,0.133,0.03819978460358812,0.5
10.0,52822,10,0.02684166395491219,0.106,0.044053207657779626,0.5
10.0,45685,10,0.024470082983560883,0.119,0.03675213853566323,0.5
10.0,52029,10,0.027679617776656763,0.118,0.041736386007821154,0.5
10.0,51236,10,0.031159065848166575,0.124,0.04689341407748699,0.5
10.0,50443,10,0.035147094716097574,0.13,0.04508550042296144,0.5
10.0,55994,10,0.05635750738880244,0.117,0.06732578518673497,0.5
10.0,54408,10,0.028878764596753127,0.1,0.04572426133222037,0.5
10.0,56787,10,0.04293962291794852,0.095,0.062130022397693455,0.5
10.0,55201,10,0.027096377354504146,0.09,0.0389673058106014,0.5
10.0,58373,10,0.024116458170348614,0.081,0.034794511618615645,0.5
10.0,57580,10,0.03926979425720459,0.128,0.05261025083147457,0.5
10.0,53615,10,0.03188429917510236,0.1,0.04851084499905784,0.5
10.0,59166,10,0.0260633120094104,0.076,0.03631576159859821,0.5
10.0,59959,10,0.02622956754061463,0.086,0.03835895592975468,0.5
